1745560593380 0.9347056770324706 0
1745560599029 0.8172027206420899 1
1745560602784 0.7001623821258545 2
1745560606737 0.6144791924953461 3
1745560610596 0.5574426978826523 4
1745560614516 0.49927481174468996 5
1745560618430 0.4383235156536102 6
1745560622228 0.40599181056022643 7
1745560626183 0.36718147337436674 8
1745560630261 0.3281585630774498 9
1745560633990 0.2841689732670784 10
1745560637415 0.26659588754177094 11
1745560637453 0.244059916138649 12
1745560637488 0.21545009300112725 13
1745560640832 0.20734287813305854 14
1745560640875 0.18441236212849618 15
1745560640927 0.18848032400012016 16
1745560644431 0.187224131077528 17
1745560644470 0.15140968486666678 18
1745560644505 0.15059481874108316 19
1745560644544 0.1535069615393877 20
1745560644579 0.1469900844991207 21
1745560644613 0.11812108099460601 22
1745560644650 0.1292989471182227 23
1745560644699 0.10769805390387774 24
1745560644746 0.14317194007337095 25
1745560644801 0.117834737226367 26
1745560644840 0.12153811365365982 27
1745560644882 0.1142513125948608 28
1745560644936 0.11042053952813148 29
1745560644978 0.10055145941674709 30
1745560645018 0.10325869850814343 31
1745560645065 0.12047484669834375 32
1745560648485 0.1042547096312046 33
1745560648525 0.09896674863994122 34
1745560648559 0.11168697271496057 35
1745560648593 0.09169281486421824 36
1745560648628 0.10496729396283627 37
1745560648671 0.11012705232948065 38
1745560648748 0.08236552225425839 39
1745560648810 0.11137145375832916 40
1745560648850 0.0884233164228499 41
1745560648903 0.10118866212666035 42
1745560648956 0.08585322616621852 43
1745560648992 0.07779702093452215 44
1745560649033 0.12685333713889121 45
1745560649070 0.0925515933893621 46
1745560649105 0.10804484721273183 47
1745560649138 0.10311703903600573 48
1745560649173 0.08982153115794063 49
