1745560593380 0.8 0
1745560599029 0.7822784810126582 1
1745560602784 0.7848101265822784 2
1745560606737 0.810126582278481 3
1745560610596 0.7822784810126582 4
1745560614516 0.779746835443038 5
1745560618430 0.8430379746835444 6
1745560622228 0.850632911392405 7
1745560626183 0.830379746835443 8
1745560630261 0.8962025316455696 9
1745560633990 0.9240506329113924 10
1745560637415 0.9063291139240506 11
1745560637453 0.9367088607594937 12
1745560637488 0.9493670886075949 13
1745560640832 0.9544303797468354 14
1745560640875 0.9772151898734177 15
1745560640927 0.9569620253164557 16
1745560644431 0.979746835443038 17
1745560644470 0.9848101265822785 18
1745560644505 0.9772151898734177 19
1745560644544 0.9696202531645569 20
1745560644579 0.9772151898734177 21
1745560644613 0.9848101265822785 22
1745560644650 0.9721518987341772 23
1745560644699 0.9924050632911392 24
1745560644746 0.9721518987341772 25
1745560644801 0.9772151898734177 26
1745560644840 0.9822784810126582 27
1745560644882 0.979746835443038 28
1745560644936 0.9848101265822785 29
1745560644978 0.9898734177215189 30
1745560645018 0.9898734177215189 31
1745560645065 0.9746835443037974 32
1745560648485 0.9873417721518988 33
1745560648525 0.9873417721518988 34
1745560648559 0.9873417721518988 35
1745560648593 0.9974683544303797 36
1745560648628 0.9772151898734177 37
1745560648671 0.9746835443037974 38
1745560648748 0.9822784810126582 39
1745560648810 0.9822784810126582 40
1745560648850 0.9822784810126582 41
1745560648903 0.979746835443038 42
1745560648956 0.979746835443038 43
1745560648992 0.9898734177215189 44
1745560649033 0.9721518987341772 45
1745560649070 0.9746835443037974 46
1745560649105 0.9569620253164557 47
1745560649138 0.9848101265822785 48
1745560649173 0.9772151898734177 49
