1745560593380 0.5967894239848914 0
1745560599029 0.6017526777020448 1
1745560602784 0.6478578892371996 2
1745560606737 0.7056229327453142 3
1745560610596 0.7401197604790419 4
1745560614516 0.7777777777777778 5
1745560618430 0.8473282442748091 6
1745560622228 0.8670967741935484 7
1745560626183 0.8677248677248677 8
1745560630261 0.9111969111969112 9
1745560633990 0.9263959390862944 10
1745560637415 0.9250645994832042 11
1745560637453 0.9367088607594937 12
1745560637488 0.9517766497461929 13
1745560640832 0.952020202020202 14
1745560640875 0.9674185463659147 15
1745560640927 0.9461827284105131 16
1745560644431 0.9602977667493796 17
1745560644470 0.9652605459057072 18
1745560644505 0.9662077596996246 19
1745560644544 0.9586983729662077 20
1745560644579 0.9578163771712159 21
1745560644613 0.974937343358396 22
1745560644650 0.9624060150375939 23
1745560644699 0.9739130434782609 24
1745560644746 0.9612015018773467 25
1745560644801 0.9590062111801242 26
1745560644840 0.9675810473815462 27
1745560644882 0.9687108886107635 28
1745560644936 0.970074812967581 29
1745560644978 0.9762796504369539 30
1745560645018 0.9714285714285714 31
1745560645065 0.958904109589041 32
1745560648485 0.972568578553616 33
1745560648525 0.968944099378882 34
1745560648559 0.9653465346534653 35
1745560648593 0.9740420271940667 36
1745560648628 0.9590062111801242 37
1745560648671 0.9649122807017544 38
1745560648748 0.9761006289308176 39
1745560648810 0.9603960396039604 40
1745560648850 0.968789013732834 41
1745560648903 0.9579207920792079 42
1745560648956 0.9675 43
1745560648992 0.9762796504369539 44
1745560649033 0.9588014981273408 45
1745560649070 0.9637046307884856 46
1745560649105 0.9569620253164557 47
1745560649138 0.9676616915422885 48
1745560649173 0.9686323713927227 49
