1745560593380 0.4759036144578313 0
1745560599029 0.4889240506329114 1
1745560602784 0.5516014234875445 2
1745560606737 0.625 3
1745560610596 0.7022727272727273 4
1745560614516 0.7758186397984886 5
1745560618430 0.8516624040920716 6
1745560622228 0.8842105263157894 7
1745560626183 0.9085872576177285 8
1745560630261 0.9267015706806283 9
1745560633990 0.9287531806615776 10
1745560637415 0.9445910290237467 11
1745560637453 0.9367088607594937 12
1745560637488 0.9541984732824428 13
1745560640832 0.9496221662468514 14
1745560640875 0.9578163771712159 15
1745560640927 0.9356435643564357 16
1745560644431 0.9416058394160584 17
1745560644470 0.9464720194647201 18
1745560644505 0.9554455445544554 19
1745560644544 0.948019801980198 20
1745560644579 0.9391727493917275 21
1745560644613 0.9652605459057072 22
1745560644650 0.9528535980148883 23
1745560644699 0.9560975609756097 24
1745560644746 0.9504950495049505 25
1745560644801 0.9414634146341463 26
1745560644840 0.9533169533169533 27
1745560644882 0.9579207920792079 28
1745560644936 0.9557739557739557 29
1745560644978 0.9630541871921182 30
1745560645018 0.9536585365853658 31
1745560645065 0.9436274509803921 32
1745560648485 0.9582309582309583 33
1745560648525 0.9512195121951219 34
1745560648559 0.9443099273607748 35
1745560648593 0.9516908212560387 36
1745560648628 0.9414634146341463 37
1745560648671 0.9553349875930521 38
1745560648748 0.97 39
1745560648810 0.9394673123486683 40
1745560648850 0.9556650246305419 41
1745560648903 0.937046004842615 42
1745560648956 0.9555555555555556 43
1745560648992 0.9630541871921182 44
1745560649033 0.9458128078817734 45
1745560649070 0.9529702970297029 46
1745560649105 0.9569620253164557 47
1745560649138 0.9511002444987775 48
1745560649173 0.9601990049751243 49
