1745560593380 0.46625 0
1745560599029 0.48875 1
1745560602784 0.57875 2
1745560606737 0.66625 3
1745560610596 0.72875 4
1745560614516 0.78 5
1745560618430 0.85 6
1745560622228 0.87125 7
1745560626183 0.875 8
1745560630261 0.91375 9
1745560633990 0.9275 10
1745560637415 0.9275 11
1745560637453 0.9375 12
1745560637488 0.9525 13
1745560640832 0.9525 14
1745560640875 0.9675 15
1745560640927 0.94625 16
1745560644431 0.96 17
1745560644470 0.965 18
1745560644505 0.96625 19
1745560644544 0.95875 20
1745560644579 0.9575 21
1745560644613 0.975 22
1745560644650 0.9625 23
1745560644699 0.97375 24
1745560644746 0.96125 25
1745560644801 0.95875 26
1745560644840 0.9675 27
1745560644882 0.96875 28
1745560644936 0.97 29
1745560644978 0.97625 30
1745560645018 0.97125 31
1745560645065 0.95875 32
1745560648485 0.9725 33
1745560648525 0.96875 34
1745560648559 0.965 35
1745560648593 0.97375 36
1745560648628 0.95875 37
1745560648671 0.965 38
1745560648748 0.97625 39
1745560648810 0.96 40
1745560648850 0.96875 41
1745560648903 0.9575 42
1745560648956 0.9675 43
1745560648992 0.97625 44
1745560649033 0.95875 45
1745560649070 0.96375 46
1745560649105 0.9575 47
1745560649138 0.9675 48
1745560649173 0.96875 49
